Depth	=	19F1
Width	=	3
Address_radix=hex
Data_radix=bin
Content
BEGIN
 0:	0 0 0 0 0 0 0 0 0 0 0 0 0 0 0 0;
 10:	0 0 0 0 0 0 0 0 0 0 0 0 0 0 0 0;
 20:	0 0 0 1 1 1 1 1 1 1 1 1 1 0 0 0;
 30:	0 1 1 0 0 0 0 0 0 0 0 0 0 1 1 0;
 40:	0 1 1 0 0 0 0 0 0 0 0 0 0 1 1 0;
 50:	0 1 1 0 0 0 0 0 0 0 0 0 0 1 1 0;
 60:	0 1 1 0 0 0 0 0 0 0 0 0 0 1 1 0;
 70:	0 1 1 0 0 0 0 0 0 0 0 0 1 1 1 0;
 80:	0 1 1 0 0 0 0 0 0 0 0 0 1 1 1 0;
 90:	0 1 1 0 0 0 0 0 0 0 0 1 1 1 1 0;
 A0:	0 1 1 0 0 0 0 0 0 0 1 1 0 1 1 0;
 B0:	0 1 1 0 0 0 0 0 0 1 1 0 0 1 1 0;
 C0:	0 1 1 0 0 0 0 0 1 1 0 0 0 1 1 0;
 D0:	0 1 1 0 0 0 0 1 1 0 0 0 0 1 1 0;
 E0:	0 1 1 0 0 0 1 1 0 0 0 0 0 1 1 0;
 F0:	0 1 1 0 0 1 1 0 0 0 0 0 0 1 1 0;
100:	0 1 1 0 1 1 0 0 0 0 0 0 0 1 1 0;
110:	0 1 1 1 1 0 0 0 0 0 0 0 0 1 1 0;
120:	0 1 1 1 0 0 0 0 0 0 0 0 0 1 1 0;
130:	0 1 1 0 0 0 0 0 0 0 0 0 0 1 1 0;
140:	0 1 1 0 0 0 0 0 0 0 0 0 0 1 1 0;
150:	0 1 1 0 0 0 0 0 0 0 0 0 0 1 1 0;
160:	0 1 1 0 0 0 0 0 0 0 0 0 0 1 1 0;
170:	0 0 0 1 1 1 1 1 1 1 1 1 1 0 0 0;
180:	0 0 0 0 0 0 0 0 0 0 0 0 0 0 0 0;
190:	0 0 0 0 0 0 0 0 0 0 0 0 0 0 0 0;
1A0:	0 0 0 0 0 0 0 0 0 0 0 0 0 0 0 0;
1B0:	0 0 0 0 0 0 0 0 0 0 0 0 0 0 0 0;
1C0:	0 0 0 0 0 0 0 0 0 0 0 0 0 0 0 0;
1D0:	0 0 0 0 0 0 0 0 0 0 0 0 0 0 0 0;
1E0:	0 0 0 0 0 0 0 0 0 0 0 0 0 0 0 0;
1F0:	0 0 0 0 0 0 0 0 0 0 0 0 0 0 0 0;
200:	0 0 0 0 0 0 0 0 0 0 0 0 0 0 0 0;
210:	0 0 0 0 0 0 0 0 0 0 0 0 0 0 0 0;
220:	0 0 0 0 0 0 0 0 1 0 0 0 0 0 0 0;
230:	0 0 0 0 0 0 0 1 1 0 0 0 0 0 0 0;
240:	0 0 0 0 0 0 1 1 1 0 0 0 0 0 0 0;
250:	0 0 0 0 0 1 1 1 1 0 0 0 0 0 0 0;
260:	0 0 0 0 0 0 0 1 1 0 0 0 0 0 0 0;
270:	0 0 0 0 0 0 0 1 1 0 0 0 0 0 0 0;
280:	0 0 0 0 0 0 0 1 1 0 0 0 0 0 0 0;
290:	0 0 0 0 0 0 0 1 1 0 0 0 0 0 0 0;
2A0:	0 0 0 0 0 0 0 1 1 0 0 0 0 0 0 0;
2B0:	0 0 0 0 0 0 0 1 1 0 0 0 0 0 0 0;
2C0:	0 0 0 0 0 0 0 1 1 0 0 0 0 0 0 0;
2D0:	0 0 0 0 0 0 0 1 1 0 0 0 0 0 0 0;
2E0:	0 0 0 0 0 0 0 1 1 0 0 0 0 0 0 0;
2F0:	0 0 0 0 0 0 0 1 1 0 0 0 0 0 0 0;
300:	0 0 0 0 0 0 0 1 1 0 0 0 0 0 0 0;
310:	0 0 0 0 0 0 0 1 1 0 0 0 0 0 0 0;
320:	0 0 0 0 0 0 0 1 1 0 0 0 0 0 0 0;
330:	0 0 0 0 0 0 0 1 1 0 0 0 0 0 0 0;
340:	0 0 0 0 0 0 0 1 1 0 0 0 0 0 0 0;
350:	0 0 0 0 0 0 0 1 1 0 0 0 0 0 0 0;
360:	0 0 0 0 1 1 1 1 1 1 1 1 0 0 0 0;
370:	0 0 0 0 1 1 1 1 1 1 1 1 0 0 0 0;
380:	0 0 0 0 0 0 0 0 0 0 0 0 0 0 0 0;
390:	0 0 0 0 0 0 0 0 0 0 0 0 0 0 0 0;
3A0:	0 0 0 0 0 0 0 0 0 0 0 0 0 0 0 0;
3B0:	0 0 0 0 0 0 0 0 0 0 0 0 0 0 0 0;
3C0:	0 0 0 0 0 0 0 0 0 0 0 0 0 0 0 0;
3D0:	0 0 0 0 0 0 0 0 0 0 0 0 0 0 0 0;
3E0:	0 0 0 0 0 0 0 0 0 0 0 0 0 0 0 0;
3F0:	0 0 0 0 0 0 0 0 0 0 0 0 0 0 0 0;
  400:	0 0 0 0 0 0 0 0 0 0 0 0 0 0 0 0;
 410:	0 0 0 0 0 0 0 0 0 0 0 0 0 0 0 0;
 420:	0 0 0 0 1 1 1 1 1 1 1 1 0 0 0 0;
 430:	0 0 0 0 1 1 1 1 1 1 1 1 0 0 0 0;
 404:	0 0 0 1 1 0 0 0 0 0 0 1 1 0 0 0;
 450:	0 0 0 1 1 0 0 0 0 0 0 1 1 0 0 0;
 460:	0 0 0 1 1 0 0 0 0 0 0 1 1 0 0 0;
 470:	0 0 0 0 0 0 0 0 0 0 0 1 1 0 0 0;
 480:	0 0 0 0 0 0 0 0 0 0 0 1 1 0 0 0;
 490:	0 0 0 0 0 0 0 0 0 0 1 1 0 0 0 0;
 4A0:	0 0 0 0 0 0 0 0 0 1 1 0 0 0 0 0;
 4B0:	0 0 0 0 0 0 0 0 0 1 0 0 0 0 0 0;
 4C0:	0 0 0 0 0 0 0 0 1 1 0 0 0 0 0 0;
 4D0:	0 0 0 0 0 0 0 1 1 0 0 0 0 0 0 0;
 4E0:	0 0 0 0 0 0 0 1 0 0 0 0 0 0 0 0;
 4F0:	0 0 0 0 0 0 1 1 0 0 0 0 0 0 0 0;
500:	0 0 0 0 0 1 1 0 0 0 0 0 0 0 0 0;
510:	0 0 0 0 0 1 0 0 0 0 0 0 0 0 0 0;
520:	0 0 0 0 1 1 0 0 0 0 0 0 0 0 0 0;
530:	0 0 0 1 1 0 0 0 0 0 0 0 0 0 0 0;
540:	0 0 0 1 1 0 0 0 0 0 0 1 1 0 0 0;
550:	0 0 0 1 1 0 0 0 0 0 0 1 1 0 0 0;
560:	0 0 0 1 1 1 1 1 1 1 1 1 1 0 0 0;
570:	0 0 0 1 1 1 1 1 1 1 1 1 1 0 0 0;
580:	0 0 0 0 0 0 0 0 0 0 0 0 0 0 0 0;
590:	0 0 0 0 0 0 0 0 0 0 0 0 0 0 0 0;
5A0:	0 0 0 0 0 0 0 0 0 0 0 0 0 0 0 0;
5B0:	0 0 0 0 0 0 0 0 0 0 0 0 0 0 0 0;
5C0:	0 0 0 0 0 0 0 0 0 0 0 0 0 0 0 0;
5D0:	0 0 0 0 0 0 0 0 0 0 0 0 0 0 0 0;
5E0:	0 0 0 0 0 0 0 0 0 0 0 0 0 0 0 0;
5F0:	0 0 0 0 0 0 0 0 0 0 0 0 0 0 0 0;
 600:	0 0 0 0 0 0 0 0 0 0 0 0 0 0 0 0;
610:	0 0 0 0 0 0 0 0 0 0 0 0 0 0 0 0;
 620:	0 0 0 0 1 1 1 1 1 1 1 1 0 0 0 0;
 630:	0 0 0 0 1 1 1 1 1 1 1 1 0 0 0 0;
 640:	0 0 0 1 1 0 0 0 0 0 0 1 1 0 0 0;
 650:	0 0 0 1 1 0 0 0 0 0 0 1 1 0 0 0;
 660:	0 0 0 1 1 0 0 0 0 0 0 1 1 0 0 0;
 670:	0 0 0 1 1 0 0 0 0 0 0 1 1 0 0 0;
 680:	0 0 0 0 0 0 0 0 0 0 0 1 1 0 0 0;
 690:	0 0 0 0 0 0 0 0 0 0 0 1 1 0 0 0;
 6A0:	0 0 0 0 0 0 0 0 0 0 0 1 1 0 0 0;
 6B0:	0 0 0 0 0 0 0 0 0 0 0 1 0 0 0 0;
 6C0:	0 0 0 0 0 0 0 1 1 1 1 0 0 0 0 0;
6D0:	0 0 0 0 0 0 0 1 1 1 1 0 0 0 0 0;
 6E0:	0 0 0 0 0 0 0 0 0 0 0 1 0 0 0 0;
 6F0:	0 0 0 0 0 0 0 0 0 0 0 1 1 0 0 0;
700:	0 0 0 0 0 0 0 0 0 0 0 1 1 0 0 0;
710:	0 0 0 0 0 0 0 0 0 0 0 1 1 0 0 0;
720:	0 0 0 1 1 0 0 0 0 0 0 1 1 0 0 0;
730:	0 0 0 1 1 0 0 0 0 0 0 1 1 0 0 0;
740:	0 0 0 1 1 0 0 0 0 0 0 1 1 0 0 0;
750:	0 0 0 1 1 0 0 0 0 0 0 1 1 0 0 0;
760:	0 0 0 0 1 1 1 1 1 1 1 1 0 0 0 0;
770:	0 0 0 0 1 1 1 1 1 1 1 1 0 0 0 0;
780:	0 0 0 0 0 0 0 0 0 0 0 0 0 0 0 0;
790:	0 0 0 0 0 0 0 0 0 0 0 0 0 0 0 0;
7A0:	0 0 0 0 0 0 0 0 0 0 0 0 0 0 0 0;
7B0:	0 0 0 0 0 0 0 0 0 0 0 0 0 0 0 0;
7C0:	0 0 0 0 0 0 0 0 0 0 0 0 0 0 0 0;		
7D0:	0 0 0 0 0 0 0 0 0 0 0 0 0 0 0 0;
7E0:	0 0 0 0 0 0 0 0 0 0 0 0 0 0 0 0;
7F0:	0 0 0 0 0 0 0 0 0 0 0 0 0 0 0 0;
 800:	0 0 0 0 0 0 0 0 0 0 0 0 0 0 0 0;
810:	0 0 0 0 0 0 0 0 0 0 0 0 0 0 0 0;
 820:	0 0 0 0 0 0 0 0 0 0 0 1 1 0 0 0;
 830:	0 0 0 0 0 0 0 0 0 0 0 1 1 0 0 0;
 840:	0 0 0 0 0 0 0 0 0 0 1 1 1 0 0 0;
 850:	0 0 0 0 0 0 0 0 0 0 1 1 1 0 0 0;
 860:	0 0 0 0 0 0 0 0 0 1 1 1 1 0 0 0;
 870:	0 0 0 0 0 0 0 0 0 1 1 1 1 0 0 0;
 880:	0 0 0 0 0 0 0 0 1 1 0 1 1 0 0 0;
 890:	0 0 0 0 0 0 0 0 1 1 0 1 1 0 0 0;
 8A0:	0 0 0 0 0 0 0 1 1 0 0 1 1 0 0 0;
 8B0:	0 0 0 0 0 0 0 1 1 0 0 1 1 0 0 0;
 8C0:	0 0 0 0 0 0 1 1 0 0 0 1 1 0 0 0;
 8D0:	0 0 0 0 0 0 1 1 0 0 0 1 1 0 0 0;
 8E0:	0 0 0 0 0 1 1 0 0 0 0 1 1 0 0 0;
 8F0:	0 0 0 0 0 1 1 0 0 0 0 1 1 0 0 0;
900:	0 0 0 0 1 1 0 0 0 0 0 1 1 0 0 0;
910:	0 0 0 0 1 1 0 0 0 0 0 1 1 0 0 0;
920:	0 0 0 1 1 0 0 0 0 0 0 1 1 0 0 0;
930:	0 0 0 1 1 0 0 0 0 0 0 1 1 0 0 0;
940:	0 0 1 1 1 1 1 1 1 1 1 1 1 1 1 0;
950:	0 0 1 1 1 1 1 1 1 1 1 1 1 1 1 0;
960:	0 0 0 0 0 0 0 0 0 0 0 1 1 0 0 0;
970:	0 0 0 0 0 0 0 0 0 0 0 1 1 0 0 0;
980:	0 0 0 0 0 0 0 0 0 0 0 0 0 0 0 0;
990:	0 0 0 0 0 0 0 0 0 0 0 0 0 0 0 0;
9A0:	0 0 0 0 0 0 0 0 0 0 0 0 0 0 0 0;
9B0:	0 0 0 0 0 0 0 0 0 0 0 0 0 0 0 0;
9C0:	0 0 0 0 0 0 0 0 0 0 0 0 0 0 0 0;
9D0:	0 0 0 0 0 0 0 0 0 0 0 0 0 0 0 0;
9E0:	0 0 0 0 0 0 0 0 0 0 0 0 0 0 0 0;
9F0:	0 0 0 0 0 0 0 0 0 0 0 0 0 0 0 0;
  1000:	0 0 0 0 0 0 0 0 0 0 0 0 0 0 0 0;
 1010:	0 0 0 0 0 0 0 0 0 0 0 0 0 0 0 0;
 1020:	0 0 0 1 1 1 1 1 1 1 1 1 1 0 0 0;
 1030:	0 0 0 1 1 1 1 1 1 1 1 1 1 0 0 0;
 1040:	0 0 0 1 1 0 0 0 0 0 0 1 1 0 0 0;
 1050:	0 0 0 1 1 0 0 0 0 0 0 0 0 0 0 0;
 1060:	0 0 0 1 1 0 0 0 0 0 0 0 0 0 0 0;
 1070:	0 0 0 1 1 0 0 0 0 0 0 0 0 0 0 0;
 1080:	0 0 0 1 1 0 0 0 0 0 0 0 0 0 0 0;
 1090:	0 0 0 1 1 0 0 0 0 0 0 0 0 0 0 0;
 10A0:	0 0 0 1 1 1 1 1 1 1 1 1 1 0 0 0;
 10B0:	0 0 0 1 1 1 1 1 1 1 1 1 1 0 0 0;
 10C0:	0 0 0 0 0 0 0 0 0 0 0 1 1 0 0 0;
 10D0:	0 0 0 0 0 0 0 0 0 0 0 1 1 0 0 0;
 10E0:	0 0 0 0 0 0 0 0 0 0 0 1 1 0 0 0;
 10F0:	0 0 0 0 0 0 0 0 0 0 0 1 1 0 0 0;
1100:	0 0 0 0 0 0 0 0 0 0 0 1 1 0 0 0;
1110:	0 0 0 0 0 0 0 0 0 0 0 1 1 0 0 0;
1120:	0 0 0 0 0 0 0 0 0 0 0 1 1 0 0 0;
1130:	0 0 0 1 1 0 0 0 0 0 0 1 1 0 0 0;
1140:	0 0 0 1 1 1 1 1 1 1 1 1 1 0 0 0;
1150:	0 0 0 1 1 1 1 1 1 1 1 1 1 0 0 0;
1160:	0 0 0 0 0 0 0 0 0 0 0 0 0 0 0 0;
1170:	0 0 0 0 0 0 0 0 0 0 0 0 0 0 0 0;
1180:	0 0 0 0 0 0 0 0 0 0 0 0 0 0 0 0;
1190:	0 0 0 0 0 0 0 0 0 0 0 0 0 0 0 0;
11A0:	0 0 0 0 0 0 0 0 0 0 0 0 0 0 0 0;
11B0:	0 0 0 0 0 0 0 0 0 0 0 0 0 0 0 0;
11C0:	0 0 0 0 0 0 0 0 0 0 0 0 0 0 0 0;
11D0:	0 0 0 0 0 0 0 0 0 0 0 0 0 0 0 0;
11E0:	0 0 0 0 0 0 0 0 0 0 0 0 0 0 0 0;
11F0:	0 0 0 0 0 0 0 0 0 0 0 0 0 0 0 0;
  1200:	0 0 0 0 0 0 0 0 0 0 0 0 0 0 0 0;
 1210:	0 0 0 0 0 0 0 0 0 0 0 0 0 0 0 0;
 1220:	0 0 0 1 1 1 1 1 1 1 1 1 1 0 0 0;
 1230:	0 0 0 1 1 1 1 1 1 1 1 1 1 0 0 0;
1240:	0 0 0 1 1 0 0 0 0 0 0 1 1 0 0 0;
 1250:	0 0 0 1 1 0 0 0 0 0 0 0 0 0 0 0;
 1260:	0 0 0 1 1 0 0 0 0 0 0 0 0 0 0 0;
 1270:	0 0 0 1 1 0 0 0 0 0 0 0 0 0 0 0;
 1280:	0 0 0 1 1 0 0 0 0 0 0 0 0 0 0 0;
1290:	0 0 0 1 1 0 0 0 0 0 0 0 0 0 0 0;
 12A0:	0 0 0 1 1 1 1 1 1 1 1 1 1 0 0 0;
12B0:	0 0 0 1 1 1 1 1 1 1 1 1 1 0 0 0;
 12C0:	0 0 0 1 1 0 0 0 0 0 0 1 1 0 0 0;
 12D0:	0 0 0 1 1 0 0 0 0 0 0 1 1 0 0 0;
 12E0:	0 0 0 1 1 0 0 0 0 0 0 1 1 0 0 0;
 12F0:	0 0 0 1 1 0 0 0 0 0 0 1 1 0 0 0;
1300:	0 0 0 1 1 0 0 0 0 0 0 1 1 0 0 0;
1310:	0 0 0 1 1 0 0 0 0 0 0 1 1 0 0 0;
1320:	0 0 0 1 1 0 0 0 0 0 0 1 1 0 0 0;
1330:	0 0 0 1 1 0 0 0 0 0 0 1 1 0 0 0;
1340:	0 0 0 1 1 1 1 1 1 1 1 1 1 0 0 0;
1350:	0 0 0 1 1 1 1 1 1 1 1 1 1 0 0 0;
1360:	0 0 0 0 0 0 0 0 0 0 0 0 0 0 0 0;
1370:	0 0 0 0 0 0 0 0 0 0 0 0 0 0 0 0;
1380:	0 0 0 0 0 0 0 0 0 0 0 0 0 0 0 0;
1390:	0 0 0 0 0 0 0 0 0 0 0 0 0 0 0 0;
13A0:	0 0 0 0 0 0 0 0 0 0 0 0 0 0 0 0;
13B0:	0 0 0 0 0 0 0 0 0 0 0 0 0 0 0 0;
13C0:	0 0 0 0 0 0 0 0 0 0 0 0 0 0 0 0;
13D0:	0 0 0 0 0 0 0 0 0 0 0 0 0 0 0 0;
13E0:	0 0 0 0 0 0 0 0 0 0 0 0 0 0 0 0;
13F0:	0 0 0 0 0 0 0 0 0 0 0 0 0 0 0 0;
  1400:	0 0 0 0 0 0 0 0 0 0 0 0 0 0 0 0;
 1410:	0 0 0 0 0 0 0 0 0 0 0 0 0 0 0 0;
 1420:	0 0 0 1 1 1 1 1 1 1 1 1 1 0 0 0;
 1430:	0 0 0 1 1 1 1 1 1 1 1 1 1 0 0 0;
 1440:	0 0 0 1 1 0 0 0 0 0 0 1 1 0 0 0;
 1450:	0 0 0 1 1 0 0 0 0 0 0 1 1 0 0 0;
 1460:	0 0 0 0 0 0 0 0 0 0 0 1 1 0 0 0;
1490:	0 0 0 0 0 0 0 0 0 0 0 1 1 0 0 0;
 1480:	0 0 0 0 0 0 0 0 0 0 0 1 1 0 0 0;
 1490:	0 0 0 0 0 0 0 0 0 0 0 1 1 0 0 0;
 14A0:	0 0 0 0 0 0 0 0 0 0 0 1 1 0 0 0;
 14B0:	0 0 0 0 0 0 0 0 0 0 0 1 1 0 0 0;
 14C0:	0 0 0 0 0 0 0 0 0 0 0 1 1 0 0 0;
 14D0:	0 0 0 0 0 0 0 0 0 0 0 1 1 0 0 0;
 14E0:	0 0 0 0 0 0 0 0 0 0 0 1 1 0 0 0;
 14F0:	0 0 0 0 0 0 0 0 0 0 0 1 1 0 0 0;
1500:	0 0 0 0 0 0 0 0 0 0 0 1 1 0 0 0;
1510:	0 0 0 0 0 0 0 0 0 0 0 1 1 0 0 0;
1520:	0 0 0 0 0 0 0 0 0 0 0 1 1 0 0 0;
1530:	0 0 0 0 0 0 0 0 0 0 0 1 1 0 0 0;
1540:	0 0 0 0 0 0 0 0 0 0 0 1 1 0 0 0;
1550:	0 0 0 0 0 0 0 0 0 0 0 1 1 0 0 0;
1560:	0 0 0 0 0 0 0 0 0 0 0 0 0 0 0 0;
1570:	0 0 0 0 0 0 0 0 0 0 0 0 0 0 0 0;
1580:	0 0 0 0 0 0 0 0 0 0 0 0 0 0 0 0;
1590:	0 0 0 0 0 0 0 0 0 0 0 0 0 0 0 0;
15A0:	0 0 0 0 0 0 0 0 0 0 0 0 0 0 0 0;
15B0:	0 0 0 0 0 0 0 0 0 0 0 0 0 0 0 0;
15C0:	0 0 0 0 0 0 0 0 0 0 0 0 0 0 0 0;
15D0:	0 0 0 0 0 0 0 0 0 0 0 0 0 0 0 0;
15E0:	0 0 0 0 0 0 0 0 0 0 0 0 0 0 0 0;
15F0:	0 0 0 0 0 0 0 0 0 0 0 0 0 0 0 0;
  1600:	0 0 0 0 0 0 0 0 0 0 0 0 0 0 0 0;
 1610:	0 0 0 0 0 0 0 0 0 0 0 0 0 0 0 0;
 1620:	0 0 0 0 1 1 1 1 1 1 1 1 0 0 0 0;
 1630:	0 0 0 0 1 1 1 1 1 1 1 1 0 0 0 0;
 1640:	0 0 0 1 1 0 0 0 0 0 0 1 1 0 0 0;
 1650:	0 0 0 1 1 0 0 0 0 0 0 1 1 0 0 0;
 1660:	0 0 0 1 1 0 0 0 0 0 0 1 1 0 0 0;
 1670:	0 0 0 1 1 0 0 0 0 0 0 1 1 0 0 0;
 1680:	0 0 0 1 1 0 0 0 0 0 0 1 1 0 0 0;
 1690:	0 0 0 1 1 0 0 0 0 0 0 1 1 0 0 0;
 16A0:	0 0 0 1 1 0 0 0 0 0 0 1 1 0 0 0;
 16B0:	0 0 0 1 1 1 1 1 1 1 1 1 1 0 0 0;
 16C0:	0 0 0 1 1 1 1 1 1 1 1 1 1 0 0 0;
 16D0:	0 0 0 1 1 0 0 0 0 0 0 1 1 0 0 0;
 16E0:	0 0 0 1 1 0 0 0 0 0 0 1 1 0 0 0;
 16F0:	0 0 0 1 1 0 0 0 0 0 0 1 1 0 0 0;
1700:	0 0 0 1 1 0 0 0 0 0 0 1 1 0 0 0;
1710:	0 0 0 1 1 0 0 0 0 0 0 1 1 0 0 0;
1720:	0 0 0 1 1 0 0 0 0 0 0 1 1 0 0 0;
1730:	0 0 0 1 1 0 0 0 0 0 0 1 1 0 0 0;
1740:	0 0 0 0 1 1 1 1 1 1 1 1 0 0 0 0;
1750:	0 0 0 0 1 1 1 1 1 1 1 1 0 0 0 0;
1760:	0 0 0 0 0 0 0 0 0 0 0 0 0 0 0 0;
1770:	0 0 0 0 0 0 0 0 0 0 0 0 0 0 0 0;
1780:	0 0 0 0 0 0 0 0 0 0 0 0 0 0 0 0;
1790:	0 0 0 0 0 0 0 0 0 0 0 0 0 0 0 0;
17A0:	0 0 0 0 0 0 0 0 0 0 0 0 0 0 0 0;
17B0:	0 0 0 0 0 0 0 0 0 0 0 0 0 0 0 0;
17C0:	0 0 0 0 0 0 0 0 0 0 0 0 0 0 0 0;
17D0:	0 0 0 0 0 0 0 0 0 0 0 0 0 0 0 0;
17E0:	0 0 0 0 0 0 0 0 0 0 0 0 0 0 0 0;
17F0:	0 0 0 0 0 0 0 0 0 0 0 0 0 0 0 0;
  1800:	0 0 0 0 0 0 0 0 0 0 0 0 0 0 0 0;
 1810:	0 0 0 0 0 0 0 0 0 0 0 0 0 0 0 0;
 1820:	0 0 0 1 1 1 1 1 1 1 1 1 1 0 0 0;
 1830:	0 0 0 1 1 1 1 1 1 1 1 1 1 0 0 0;
 1840:	0 0 0 1 1 0 0 0 0 0 0 1 1 0 0 0;
 1850:	0 0 0 1 1 0 0 0 0 0 0 1 1 0 0 0;
 1860:	0 0 0 1 1 0 0 0 0 0 0 1 1 0 0 0;
 1870:	0 0 0 1 1 0 0 0 0 0 0 1 1 0 0 0;
 1880:	0 0 0 1 1 0 0 0 0 0 0 1 1 0 0 0;
 1890:	0 0 0 1 1 0 0 0 0 0 0 1 1 0 0 0;
 18A0:	0 0 0 1 1 1 1 1 1 1 1 1 1 0 0 0;
 18B0:	0 0 0 1 1 1 1 1 1 1 1 1 1 0 0 0;
 18C0:	0 0 0 0 0 0 0 0 0 0 0 1 1 0 0 0;
 18D0:	0 0 0 0 0 0 0 0 0 0 0 1 1 0 0 0;
 18E0:	0 0 0 0 0 0 0 0 0 0 0 1 1 0 0 0;
 18F0:	0 0 0 0 0 0 0 0 0 0 0 1 1 0 0 0;
1900:	0 0 0 0 0 0 0 0 0 0 0 1 1 0 0 0;
1910:	0 0 0 0 0 0 0 0 0 0 0 1 1 0 0 0;
1920:	0 0 0 1 1 0 0 0 0 0 0 1 1 0 0 0;
1930:	0 0 0 1 1 0 0 0 0 0 0 1 1 0 0 0;
1940:	0 0 0 1 1 1 1 1 1 1 1 1 1 0 0 0;
1950:	0 0 0 1 1 1 1 1 1 1 1 1 1 0 0 0;
1960:	0 0 0 0 0 0 0 0 0 0 0 0 0 0 0 0;
1970:	0 0 0 0 0 0 0 0 0 0 0 0 0 0 0 0;
1980:	0 0 0 0 0 0 0 0 0 0 0 0 0 0 0 0;
1990:	0 0 0 0 0 0 0 0 0 0 0 0 0 0 0 0;
19A0:	0 0 0 0 0 0 0 0 0 0 0 0 0 0 0 0;
19B0:	0 0 0 0 0 0 0 0 0 0 0 0 0 0 0 0;
19C0:	0 0 0 0 0 0 0 0 0 0 0 0 0 0 0 0;
19D0:	0 0 0 0 0 0 0 0 0 0 0 0 0 0 0 0;
19E0:	0 0 0 0 0 0 0 0 0 0 0 0 0 0 0 0;
19F0:	0 0 0 0 0 0 0 0 0 0 0 0 0 0 0 0;
